OMP_NUM_THREADS = 16
NUM_TRIALS      = 3
NUM_ITERS       = 650
ALPHA           = 0.5
BETA            = 0.3
RHO             = 0.6
DEBUG           = False
datasets        = ["ts11", "dj38", "qa194", "uy734"]
colonies        = [512, 1024, 2048]
binaries        = ["./cpu", "./cpu_omp", "./gpu"]


./cpu TIME TABLE
15.877927       31.720644       63.113564
15.863154       31.672889       63.113508
15.870242       31.57416        63.127354
62.40816        125.09498       249.486157
62.426652       124.927224      249.560542
62.392995       124.797449      249.611174
374.964978      749.055907      1502.461967
374.879029      751.659421      1503.034638
375.259497      751.811245      1503.388763
2010.51391      4006.959351     8016.706998
2005.181734     4013.265388     8030.540721
2007.802938     4017.661613     8018.917001



./cpu_omp TIME TABLE
3.43189         6.84689         13.699927
3.433664        6.812366        13.719438
3.442281        6.826609        13.711474
12.7216         26.406998       54.304958
12.642852       26.410927       52.603206
12.648778       26.039086       53.572749
81.231492       162.13574       320.381134
81.608388       162.114148      321.70577
81.228508       162.134099      320.967837
412.401098      810.794465      1599.462104
411.60646       811.151403      1600.290699
411.47359       810.854285      1601.44555


./gpu TIME TABLE
0.377734        0.199019        0.220894
0.219091        0.208112        0.225736
0.197063        0.210834        0.226116
1.302026        1.316528        1.321719
1.311548        1.309037        1.325347
1.292289        1.308542        1.322427
30.910924       30.78915        31.062743
30.925995       30.893256       31.060473
30.765682       30.943389       31.120704
459.970042      459.053264      459.406634
459.591651      458.933901      459.370076
458.876776      459.226791      459.252366



./cpu ERROR TABLE
0.004498        0.003132        0.003132
0.0             0.003132        0.003132
0.0             0.004498        0.001054
1.824779        1.891972        1.870321
1.918043        1.869461        1.766747
1.911794        1.921544        1.881339
7.424697        7.177024        7.048637
7.376265        7.325723        7.236789
7.440581        7.309186        7.316161
18.123375       18.021467       18.063194
18.158224       18.07102        18.161184
18.222712       18.186749       18.074892


./cpu_omp ERROR TABLE
0.0             0.003132        0.003132
0.003132        0.001054        0.003132
0.0             0.004498        0.001696
1.879023        1.903119        1.841589
1.937985        1.94234         1.809126
1.777952        1.853149        1.865871
7.346928        7.217204        7.173179
7.18129         7.223641        7.17447
7.46136         7.292985        7.28532
18.083958       17.792372       18.035536
17.923645       18.140064       18.050739
18.031996       18.15485        18.011147



./gpu ERROR TABLE
0.13377         0.384096        0.05381
0.092669        0.166176        0.410382
0.066907        0.135095        0.095269
2.089268        1.976885        2.029588
2.120485        2.021205        1.569178
2.009717        1.977185        2.049819
5.580563        6.161602        6.098045
5.945814        6.060304        5.788258
5.838157        6.170131        5.677997
14.825832       15.005248       15.096618
15.00456        15.008164       15.231025
15.334471       15.073019       15.041496
