OMP_NUM_THREADS = 16
NUM_TRIALS      = 3
NUM_ITERS       = 1000
ALPHA           = 0.5
BETA            = 0.2
RHO             = 0.7
DEBUG           = False
datasets        = ["ts11", "dj38", "qa194", "zi929"]
colonies        = [512, 1024, 2048]
binaries        = ["./cpu", "./cpu_omp", "./gpu"]

./cpu TIME TABLE
24.341855       48.548885       96.964203
24.280072       48.553186       96.961555
24.289434       48.553763       96.953543
96.37681        196.145262      390.30052
96.027091       197.436258      388.514139
95.991841       197.73566       389.937489
598.489792      1165.147742     2319.556843
589.187453      1156.848933     2323.350454
594.178123      1154.768383     2322.306396
4339.531499     8620.830364     17289.401001
4323.125875     8626.05064      17210.251565
4330.241128     8652.793966     17306.995845



./cpu_omp TIME TABLE
5.271805        10.532003       21.127668
5.264718        10.498505       21.165841
5.265433        10.508893       21.146352
19.641601       39.877796       83.426824
19.643971       40.123901       83.821156
19.716183       40.405893       83.681122
125.915458      249.590091      495.225299
125.793113      249.532448      495.302899
125.897469      249.702354      495.172422
878.695041      1720.671994     3412.395163
877.190659      1720.397668     3416.464536
877.800757      1726.484722     3417.141126

./gpu TIME TABLE
0.347588        0.284408        0.278485
0.275097        0.27359         0.291314
0.275067        0.258683        0.290943
1.946348        1.969839        1.978311
1.957088        1.959148        1.988555
1.959344        1.959703        1.993047
47.789463       47.996544       48.307756
47.792619       48.129551       48.317322
47.798165       48.131756       48.306082
1131.814891     1132.082396     1132.342598
1131.880298     1132.050363     1132.367365
1131.956075     1132.042364     1132.361031



./cpu ERROR TABLE
0.004498        0.003132        0.0
0.004498        0.0             0.003132
0.003132        0.0             0.003132
1.77371         1.88629         1.795343
1.796484        1.877168        1.874078
1.749715        1.815285        1.701606
7.291251        7.165892        7.188066
7.240821        7.267306        7.153464
7.349448        7.118012        7.228712
21.952358       21.752808       21.835005
21.94846        21.542913       21.682911
22.017992       21.744003       21.896982


./cpu_omp ERROR TABLE
0.001054        0.003132        0.003132
0.0             0.003132        0.003132
0.003132        0.0             0.003132
1.745252        1.821501        1.840613
1.9155          1.76717         1.84862
1.874415        1.831432        1.866547
7.262256        7.134023        7.319062
7.349277        7.135737        7.134574
7.169492        7.290025        7.171026
21.718004       21.650698       21.658075
21.788673       21.865244       21.582954
21.669916       21.825666       21.651819



./gpu ERROR TABLE
0.182485        0.100866        0.125388
0.31498         0.397733        0.000487
0.50009         0.131788        0.152585
2.035141        1.925947        1.41867
1.749772        1.807805        1.874644
2.102777        1.513415        1.88616
5.76547         5.539243        5.240967
5.831933        5.521664        5.430334
5.809297        5.485675        5.668709
14.758536       14.132948       14.182876
14.858422       14.698217       14.020903
14.930994       13.960766       14.349216
