OMP_NUM_THREADS = 16
NUM_TRIALS      = 3
NUM_ITERS       = 100
ALPHA           = 0.5
BETA            = 0.2
RHO             = 0.7
DEBUG           = False
datasets        = ["ts11", "dj38", "qa194"]
colonies        = [512, 1024, 2048]
binaries        = ["./cpu", "./cpu_omp", "./gpu"]

./cpu TIME TABLE                                                                                                                                                   [44/423]
2.428164        4.880486        9.724462
2.427676        4.877515        9.765008
2.425684        4.874685        9.767725
9.666022        19.287058       38.541475
9.637466        19.27888        38.537591
9.634692        19.29701        38.580878
57.83523        115.618977      231.17143
57.85084        115.628404      230.379893
57.835023       115.68279       230.460977



./cpu_omp TIME TABLE
0.551763        1.066565        2.130954
0.548386        1.068954        2.120432
0.552852        1.070685        2.144535
1.961675        4.048109        7.984701
1.998093        3.99076         8.400066
1.958204        4.090089        8.049795
12.497604       25.0177         49.682099
12.470494       25.022314       49.543378
12.498432       25.091626       49.630387



./gpu TIME TABLE
0.538082        0.093802        0.095235
0.106682        0.093719        0.092624
0.107224        0.090951        0.107994
0.279474        0.278424        0.277911
0.270265        0.27521         0.276967
0.256206        0.259581        0.275723
4.863215        4.885787        4.950761
4.87723         4.923453        4.93677
4.879254        4.925176        4.946234


./cpu ERROR TABLE
0.017264        0.003132        0.001054
0.012152        0.004428        0.003132
0.012152        0.003132        0.001054
1.896127        1.995906        1.974844
1.957959        2.083016        1.919462
2.058085        1.93534         1.99395
7.557827        7.440112        7.267982
7.335672        7.421017        7.05967
7.474258        7.437646        7.414032



./cpu_omp ERROR TABLE
0.004498        0.012152        0.001696
0.010713        0.01499         0.002897
0.013231        0.004498        0.001696
1.995822        2.000891        1.964521
2.062239        2.041723        1.994259
1.984516        2.018952        1.710492
7.596041        7.4906          7.355576
7.370064        7.340335        7.421317
7.212712        7.466241        7.333605



./gpu ERROR TABLE
0.177423        0.389558        0.092081
0.154585        0.137209        0.037824
0.349214        0.049065        0.170995
1.839132        2.193407        1.636851
1.724097        2.165346        1.751912
2.035534        1.481272        1.826659
5.596019        5.546568        5.631663
5.857262        5.775394        5.648476
5.689725        5.445132        5.480146

