ran cpu in 1244.983243
run with m=4096 k=1000 a=1.000000 b=4.000000 p=0.500000
iter_t {
        path = [ 0 3 12 10 19 34 37 31 9 18 15 32 33 35 28 29 27 30 36 25 22 21 13 4 6 5 1 2 7 8 14 17 16 11 26 24 23 20 ]
         len = 17567.117188
}
optimal:
iter_t {
        path = [ 0 1 3 2 4 5 6 7 8 11 10 18 17 16 15 12 14 19 22 25 24 21 23 27 26 30 35 33 32 37 36 34 31 29 28 20 13 9 ]
         len = 6659.439941
}
Number of nodes: 38
ran gpu in 2.026859
run with m=4096 k=1000 a=1.000000 b=4.000000 p=0.500000
[ 0 28 36 24 19 23 34 31 29 8 7 22 21 18 32 35 33 26 16 12 14 9 1 37 27 25 17 15 5 13 11 2 3 6 4 10 20 0 ]
len = 18493.556641
optimal:
iter_t {
        path = [ 0 1 3 2 4 5 6 7 8 11 10 18 17 16 15 12 14 19 22 25 24 21 23 27 26 30 35 33 32 37 36 34 31 29 28 20 13 9 ]
         len = 6659.439941
}
